0	0.023508
155.438	-0.003377
156.083	0.007892
156.083	-0.053401
156.083	0.005542
156.083	-0.021278
296.921	0.046444
296.921	0.052799
296.921	-0.016685
296.921	-0.034042
296.921	-0.023407
296.921	-0.022949
296.921	-0.012228
900.935	0.005304
900.935	0.006127
900.935	0.009787
900.935	0.001822
900.935	0.031739
900.935	0.012311
900.935	0.071269
900.935	-0.013891
597.972	0.023561
597.972	-0.034635
597.972	0.009808
338.711	-0.09311
338.711	-0.065023
338.711	-0.086424
338.711	-0.019623
338.711	-0.076954
1264.2	-0.039555
1264.2	0.011975
1264.2	-0.038305
1264.2	0.032234
1264.2	0.000026
155.438	-0.024552
156.083	0.008509
156.083	0.087243
156.083	-0.021338
156.083	0.030387
296.921	-0.010669
296.921	-0.006355
296.921	0.001103
296.921	0.003366
296.921	0.0047
296.921	-0.025553
296.921	-0.009058
900.935	-0.002227
900.935	0.004256
900.935	-0.048849
900.935	0.011049
900.935	0.025545
900.935	-0.000303
900.935	0.007573
900.935	0.025937
597.972	0.007777
597.972	-0.01926
597.972	-0.05425
338.711	-0.018862
338.711	-0.043517
338.711	-0.086754
338.711	-0.007917
338.711	-0.0349
1264.2	-0.025878
1264.2	0.015287
1264.2	-0.028586
1264.2	0.017993
1264.2	-0.008806
1	0.010286
1	0.014512
1	-0.009881
1	0.001052
141.496	0.017937
141.496	-0.022655
141.496	-0.053835
141.496	-0.061514
141.496	-0.038715
141.496	-0.007698
141.496	-0.029653
745.993	0.006285
745.993	-0.016482
745.993	-0.010004
745.993	0.03042
745.993	0.043637
745.993	-0.01961
745.993	0.003048
745.993	-0.009066
445.88	0.004955
445.88	-0.020365
445.88	0.011484
186.724	-0.065754
186.724	-0.032926
186.724	-0.045075
186.724	0.015674
186.724	-0.068129
1115.72	0.021781
1115.72	-0.010667
1115.72	0.069159
1115.72	0.044388
1115.72	0.006389
0	-0.027664
0	0.011159
0	-0.004827
140.869	-0.009768
140.869	0.069783
140.869	-0.039237
140.869	-0.043589
140.869	-0.051015
140.869	-0.006269
140.869	-0.032195
745.419	-0.019948
745.419	-0.000648
745.419	0.018491
745.419	0.012656
745.419	0.010938
745.419	-0.031233
745.419	0.008265
745.419	-0.003085
445.439	-0.017737
445.439	0.046257
445.439	0.026502
186.325	-0.060848
186.325	-0.014936
186.325	0.003009
186.325	0.052089
186.325	-0.058775
1115.35	-0.00845
1115.35	-0.015218
1115.35	-0.032728
1115.35	-0.008786
1115.35	0.003532
0	-0.048026
0	0.017897
140.869	-0.023371
140.869	-0.008322
140.869	-0.004968
140.869	0.014095
140.869	-0.006028
140.869	-0.073564
140.869	-0.050558
745.419	0.003643
745.419	0.060597
745.419	-0.021334
745.419	0.005436
745.419	-0.033972
745.419	0.017088
745.419	-0.062153
745.419	0.047879
445.439	0.074323
445.439	-0.042002
445.439	-0.054814
186.325	0.024517
186.325	-0.062589
186.325	-0.04924
186.325	0.000336
186.325	-0.040774
1115.35	0.033141
1115.35	-0.024875
1115.35	0.027642
1115.35	0.003428
1115.35	0.011499
0	-0.017403
140.869	0.028539
140.869	0.027191
140.869	-0.077156
140.869	-0.06573
140.869	-0.023209
140.869	-0.010258
140.869	-0.002866
745.419	-0.028731
745.419	-0.01801
745.419	0.096967
745.419	0.024816
745.419	-0.036232
745.419	0.000397
745.419	0.042471
745.419	0.002202
445.439	0.031983
445.439	-0.049876
445.439	-0.028874
186.325	-0.011977
186.325	-0.038222
186.325	-0.017739
186.325	-0.007478
186.325	-0.020112
1115.35	0.016254
1115.35	-0.003041
1115.35	0.030339
1115.35	-0.031049
1115.35	-0.014745
140.869	-0.06842
140.869	-0.007145
140.869	-0.042492
140.869	-0.017959
140.869	-0.009216
140.869	-0.022079
140.869	-0.016733
745.419	0.04684
745.419	0.030447
745.419	-0.017798
745.419	-0.025768
745.419	0.027113
745.419	0.002539
745.419	-0.006735
745.419	0.020329
445.439	0.066265
445.439	-0.057268
445.439	-0.028037
186.325	-0.014273
186.325	-0.033333
186.325	-0.058639
186.325	0.000287
186.325	-0.018171
1115.35	-0.019554
1115.35	-0.010349
1115.35	0.02872
1115.35	0.008441
1115.35	-0.000676
0	-0.017129
0	-0.008633
0	-0.021741
0	0.006118
0	-0.035803
0	-0.013606
604.915	-0.028962
604.915	0.011931
604.915	0.040043
604.915	0.041752
604.915	-0.008326
604.915	-0.013913
604.915	0.001609
604.915	-0.061033
309.458	0.014119
309.458	0.017249
309.458	0.027441
62.5859	-0.023431
62.5859	-0.050603
62.5859	-0.008934
62.5859	-0.006046
62.5859	-0.040726
981.509	0.020803
981.509	0.030677
981.509	-0.040425
981.509	-0.044579
981.509	-0.019276
0	-0.075588
0	-0.061406
0	-0.050811
0	-0.037122
0	-0.084993
604.915	0.0012
604.915	-0.010051
604.915	0.013001
604.915	-0.025285
604.915	-0.000471
604.915	-0.015605
604.915	-0.02824
604.915	0.022446
309.458	0.002169
309.458	0.042049
309.458	0.008565
62.5859	-0.050218
62.5859	-0.009128
62.5859	-0.011589
62.5859	0.049041
62.5859	0.00477
981.509	-0.000606
981.509	-0.01724
981.509	-0.02316
981.509	-0.039665
981.509	-0.030433
0	0.489649
0	0.207531
0	0.181348
0	0.24796
604.915	-0.04234
604.915	-0.00174
604.915	-0.060372
604.915	-0.051912
604.915	-0.028875
604.915	-0.048937
604.915	-0.016198
604.915	-0.0716
309.458	-0.062104
309.458	-0.079406
309.458	-0.082086
62.5859	-0.00071
62.5859	-0.079848
62.5859	-0.046076
62.5859	-0.042813
62.5859	-0.036881
981.509	-0.045494
981.509	-0.027249
981.509	-0.049258
981.509	-0.047592
981.509	-0.059377
0	0.082256
0	0.032103
0	0.109769
604.915	-0.047204
604.915	0.029632
604.915	-0.015909
604.915	-0.000958
604.915	-0.009737
604.915	-0.008918
604.915	0.016187
604.915	-0.053912
309.458	-0.056179
309.458	-0.041228
309.458	-0.085286
62.5859	0.040873
62.5859	-0.067234
62.5859	-0.038773
62.5859	-0.070533
62.5859	-0.053371
981.509	-0.035519
981.509	-0.048449
981.509	-0.040857
981.509	-0.032744
981.509	-0.046056
0	0.234259
0	0.275066
604.915	-0.009023
604.915	-0.028583
604.915	-0.064367
604.915	-0.076296
604.915	-0.038116
604.915	-0.018568
604.915	0.001457
604.915	-0.059178
309.458	-0.031592
309.458	-0.052678
309.458	-0.038698
62.5859	-0.037344
62.5859	-0.066472
62.5859	-0.045753
62.5859	0.057405
62.5859	-0.039069
981.509	-0.028764
981.509	-0.002529
981.509	-0.008259
981.509	-0.014949
981.509	-0.037141
0	0.514084
604.915	-0.013199
604.915	-0.062249
604.915	-0.056403
604.915	-0.016145
604.915	-0.054958
604.915	-0.047743
604.915	-0.053341
604.915	-0.052297
309.458	-0.042591
309.458	-0.031191
309.458	-0.017568
62.5859	-0.059503
62.5859	-0.070657
62.5859	-0.052197
62.5859	-0.003697
62.5859	-0.075006
981.509	-0.053638
981.509	-0.032597
981.509	-0.028755
981.509	-0.067071
981.509	-0.032917
604.915	-0.026032
604.915	-0.073143
604.915	-0.04807
604.915	-0.040949
604.915	-0.060415
604.915	-0.043898
604.915	-0.070936
604.915	-0.09637
309.458	-0.035331
309.458	-0.056601
309.458	-0.039907
62.5859	-0.052492
62.5859	-0.057361
62.5859	-0.024601
62.5859	-0.058104
62.5859	-0.060907
981.509	-0.0433
981.509	-0.024746
981.509	-0.07243
981.509	-0.045975
981.509	-0.039295
0	0.025531
0	-0.018013
0	-0.04851
0	0.076446
0	0.021353
0	-0.022083
0	0.020021
312.861	0.011881
312.861	-0.014565
312.861	-0.01603
564.1	-0.04863
564.1	-0.011801
564.1	-0.034695
564.1	-0.019056
564.1	0.004377
425.986	0.016053
425.986	-0.000017
425.986	0.031015
425.986	0.010503
425.986	-0.027971
0	0.048521
0	-0.032163
0	0.022588
0	-0.000803
0	0.055573
0	-0.065466
312.861	0.004713
312.861	-0.039243
312.861	-0.05007
564.1	-0.031843
564.1	-0.034134
564.1	-0.072578
564.1	0.008336
564.1	0.012757
425.986	-0.008314
425.986	-0.034017
425.986	-0.003376
425.986	-0.015433
425.986	0.03982
0	0.018153
0	-0.003871
0	0.017349
0	0.010299
0	-0.035486
312.861	0.011712
312.861	0.023563
312.861	0.030888
564.1	-0.051675
564.1	-0.024673
564.1	-0.048139
564.1	-0.038481
564.1	-0.036912
425.986	0.020615
425.986	0.031302
425.986	-0.012405
425.986	-0.048952
425.986	0.017407
0	-0.0232
0	0.019465
0	0.004561
0	0.013213
312.861	0.007423
312.861	0.000504
312.861	-0.02655
564.1	-0.034302
564.1	-0.051949
564.1	-0.055521
564.1	0.003695
564.1	-0.038397
425.986	0.058899
425.986	0.017546
425.986	-0.051318
425.986	-0.00454
425.986	0.065958
0	-0.013522
0	0.05433
0	-0.031172
312.861	0.008711
312.861	0.000905
312.861	0.02233
564.1	-0.040164
564.1	-0.033194
564.1	-0.059543
564.1	-0.049385
564.1	-0.03663
425.986	-0.004826
425.986	-0.035437
425.986	0.0469
425.986	-0.024307
425.986	-0.042829
0	-0.024597
0	-0.008181
312.861	0.027399
312.861	0.016568
312.861	-0.004543
564.1	-0.002211
564.1	-0.036853
564.1	-0.036038
564.1	0.021151
564.1	0.000575
425.986	-0.006497
425.986	0.007194
425.986	-0.011452
425.986	0.024811
425.986	0.022251
0	-0.013684
312.861	-0.046453
312.861	0.006126
312.861	0.013915
564.1	-0.028708
564.1	-0.039762
564.1	-0.057795
564.1	0.041113
564.1	-0.065424
425.986	-0.026104
425.986	-0.042869
425.986	0.018571
425.986	-0.037844
425.986	0.027286
312.861	0.045334
312.861	0.032303
312.861	-0.012233
564.1	0.035573
564.1	0.0015
564.1	-0.008245
564.1	0.036404
564.1	-0.016743
425.986	0.052286
425.986	0.017815
425.986	0.04328
425.986	0.028607
425.986	0.00181
0	-0.038097
0	-0.036168
259.471	-0.060288
259.471	-0.040175
259.471	-0.033735
259.471	-0.059052
259.471	-0.042393
672.149	0.003853
672.149	0.012102
672.149	-0.006521
672.149	0.007504
672.149	-0.023489
0	0.387554
259.471	-0.047703
259.471	-0.030452
259.471	-0.034484
259.471	0.015825
259.471	-0.046488
672.149	-0.015611
672.149	-0.00573
672.149	0.003496
672.149	-0.030312
672.149	-0.016517
259.471	-0.088303
259.471	-0.021586
259.471	-0.04777
259.471	0.011078
259.471	0.005675
672.149	-0.025966
672.149	-0.013336
672.149	-0.01473
672.149	-0.002012
672.149	-0.001715
0	0.193135
0	0.374614
0	-0.036306
0	0.180866
929.126	-0.011744
929.126	-0.005648
929.126	-0.008256
929.126	-0.040194
929.126	0.000282
0	0.413926
0	-0.032862
0	0.329508
929.126	-0.066732
929.126	0.002429
929.126	-0.027535
929.126	0.022942
929.126	-0.003093
0	-0.054435
0	0.273497
929.126	-0.03918
929.126	-0.014805
929.126	-0.041044
929.126	-0.019131
929.126	-0.044763
0	-0.004894
929.126	0.019148
929.126	0.000102
929.126	0.030246
929.126	-0.008261
929.126	0.015226
929.126	-0.012901
929.126	-0.013909
929.126	-0.03812
929.126	-0.004488
929.126	-0.028944
0	0.01603
0	-0.002037
0	0.027916
0	0.013206
0	-0.005112
0	0.033529
0	0.013659
0	0.037771
0	-0.002133
0	0.056543
